67
63
39
86
7
36
80
66
10
83
19
62
70
7
49
33
60
8
46
59
88
52
25
54
86
89
7
86
12
43
92.0
67
20
99
28
44
88
86
38
94
60
18
63
66
27
93
51
1
66
19
9
13
98
83
92
31
10
87
16
81
60
83
50
91
21
35
42
91
69
15
a
13
42
97
11
99
83
96
62
56
2
35
55
5
85
86
64
91
70
14
24
47
99
58
63
2
89
93
87
78
66
62
56
2
35
55
5
85
86
64
91
70
14
24
47
99
58
63
2
89
93
87
78
66
62
56
2
35
55
5
85
86
64
91
70
14
24
47
99
58
63
2
89
93
87
78
66